'temperature points' 8 0. 25. 60. 100. 150. 200. 250. 300.
'O2(aq)' 3.0 0.0 31.99880
'Tracer' 0.0 0.0 1.
'A(aq)' 0.0 0.0 1.
'null' 0 0 0
'null' 1 0. '0' 0. 0. 0. 0. 0. 0. 0. 0. 0. 0. 0.
'O2(g)' 0.0000 1 1.0000 'O2(aq)' -2.6567 -2.8983 -3.0633 -3.1076 -3.0354 -2.8742 -2.6488 -2.3537 31.9988
# based on Tracer 1.d-10 [m] and Tracer_gas = 100 [Pa] -> 1.d-3 Bar
'Trace_gas' 0.0000 1 1.0000 'Tracer' -7. -7. -7. -7. -7. -7. -7. -7. 1.
'A(g)' 0.0000 1 1.0000 'A(aq)' -5.4254 -5.5130 -5.6240 -5.7374 -5.8631 -5.9748 -6.0753 -6.1666 1.
'null' 0. 1 1. '0' 0. 0. 0. 0. 0. 0. 0. 0. 0.
'null' 0. 1 0. '0' 0. 0. 0. 0. 0. 0. 0. 0. 0.
'null' 1 0. '0' 0. 0. 0. 0. 0. 0. 0. 0. 0. 0. 0.


